topology: 3 3 3 3
in: 36 2 199
out: 0 0 1
in: 231 244 201
out: 0 1 0
in: 161 226 116
out: 0 1 0
in: 89 254 104
out: 0 1 0
in: 89 23 152
out: 0 0 1
in: 86 3 183
out: 0 0 1
in: 14 95 162
out: 0 0 1
in: 139 196 78
out: 0 1 0
in: 120 84 73
out: 1 0 0
in: 104 135 156
out: 0 0 1
in: 120 102 191
out: 0 0 1
in: 153 209 29
out: 0 1 0
in: 166 139 19
out: 0 1 0
in: 169 45 209
out: 0 0 1
in: 159 96 200
out: 0 0 1
in: 24 140 233
out: 0 0 1
in: 163 18 87
out: 1 0 0
in: 139 23 235
out: 0 0 1
in: 24 39 5
out: 0 1 0
in: 180 4 61
out: 1 0 0
in: 85 127 98
out: 0 1 0
in: 7 51 162
out: 0 0 1
in: 72 78 45
out: 0 1 0
in: 236 72 11
out: 1 0 0
in: 147 234 58
out: 0 1 0
in: 11 24 123
out: 0 0 1
in: 251 150 170
out: 1 0 0
in: 22 45 190
out: 0 0 1
in: 110 96 94
out: 0 1 0
in: 213 88 200
out: 0 0 1
in: 170 96 72
out: 1 0 0
in: 64 120 195
out: 0 0 1
in: 208 126 98
out: 1 0 0
in: 30 244 96
out: 0 1 0
in: 172 194 15
out: 0 1 0
in: 188 170 82
out: 0 1 0
in: 182 148 173
out: 0 0 1
in: 34 221 48
out: 0 1 0
in: 73 86 82
out: 0 1 0
in: 56 132 203
out: 0 0 1
in: 132 191 183
out: 0 1 0
in: 161 249 14
out: 0 1 0
in: 155 215 125
out: 0 1 0
in: 66 254 10
out: 0 1 0
in: 28 23 7
out: 0 1 0
in: 192 129 81
out: 1 0 0
in: 236 124 113
out: 1 0 0
in: 24 181 52
out: 0 1 0
in: 61 209 32
out: 0 1 0
in: 159 34 10
out: 1 0 0
in: 107 102 217
out: 0 0 1
in: 138 73 178
out: 0 0 1
in: 18 233 22
out: 0 1 0
in: 244 201 125
out: 0 1 0
in: 43 106 83
out: 0 1 0
in: 179 254 80
out: 0 1 0
in: 83 245 63
out: 0 1 0
in: 182 249 235
out: 0 1 0
in: 136 6 79
out: 1 0 0
in: 190 44 189
out: 0 0 1
in: 76 10 93
out: 0 0 1
in: 162 20 14
out: 1 0 0
in: 161 167 167
out: 0 0 1
in: 164 70 185
out: 0 0 1
in: 243 148 139
out: 1 0 0
in: 251 96 156
out: 1 0 0
in: 107 133 112
out: 0 1 0
in: 185 253 103
out: 0 1 0
in: 122 225 156
out: 0 1 0
in: 106 181 73
out: 0 1 0
in: 189 79 110
out: 1 0 0
in: 194 199 26
out: 0 1 0
in: 162 50 30
out: 1 0 0
in: 80 130 244
out: 0 0 1
in: 20 7 212
out: 0 0 1
in: 53 149 33
out: 0 1 0
in: 232 221 34
out: 0 1 0
in: 65 112 86
out: 0 1 0
in: 221 4 26
out: 1 0 0
in: 43 121 201
out: 0 0 1
in: 45 174 110
out: 0 1 0
in: 238 140 228
out: 0 0 1
in: 14 8 75
out: 0 0 1
in: 167 5 241
out: 0 0 1
in: 188 191 169
out: 0 1 0
in: 149 218 175
out: 0 1 0
in: 174 29 20
out: 1 0 0
in: 253 204 194
out: 0 1 0
in: 163 86 22
out: 1 0 0
in: 95 234 57
out: 0 1 0
in: 204 149 12
out: 0 1 0
in: 157 24 89
out: 1 0 0
in: 207 232 139
out: 0 1 0
in: 178 172 245
out: 0 0 1
in: 202 112 224
out: 0 0 1
in: 222 93 133
out: 1 0 0
in: 174 186 87
out: 0 1 0
in: 173 34 156
out: 0 0 1
in: 148 158 158
out: 0 0 1
in: 209 168 213
out: 0 0 1
in: 138 202 148
out: 0 1 0
in: 73 128 94
out: 0 1 0
in: 113 10 114
out: 0 0 1
in: 88 25 154
out: 0 0 1
in: 184 222 243
out: 0 0 1
in: 233 129 88
out: 1 0 0
in: 163 229 96
out: 0 1 0
in: 104 0 200
out: 0 0 1
in: 59 32 138
out: 0 0 1
in: 154 11 43
out: 1 0 0
in: 158 253 152
out: 0 1 0
in: 11 86 155
out: 0 0 1
in: 29 87 108
out: 0 0 1
in: 182 76 12
out: 1 0 0
in: 198 112 5
out: 1 0 0
in: 174 130 76
out: 0 1 0
in: 169 177 23
out: 0 1 0
in: 72 165 61
out: 0 1 0
in: 59 196 16
out: 0 1 0
in: 236 216 104
out: 0 1 0
in: 164 21 204
out: 0 0 1
in: 62 15 222
out: 0 0 1
in: 119 165 219
out: 0 0 1
in: 123 112 32
out: 0 1 0
in: 93 26 39
out: 1 0 0
in: 159 59 68
out: 1 0 0
in: 244 66 17
out: 1 0 0
in: 79 253 164
out: 0 1 0
in: 89 200 67
out: 0 1 0
in: 235 249 221
out: 0 1 0
in: 98 104 118
out: 0 0 1
in: 230 165 186
out: 0 0 1
in: 51 226 25
out: 0 1 0
in: 100 161 105
out: 0 1 0
in: 96 168 200
out: 0 0 1
in: 111 194 252
out: 0 0 1
in: 33 52 42
out: 0 1 0
in: 225 113 157
out: 1 0 0
in: 106 16 143
out: 0 0 1
in: 130 210 13
out: 0 1 0
in: 75 27 40
out: 1 0 0
in: 129 58 42
out: 1 0 0
in: 10 32 108
out: 0 0 1
in: 96 196 223
out: 0 0 1
in: 178 217 138
out: 0 1 0
in: 175 97 128
out: 1 0 0
in: 40 91 7
out: 0 1 0
in: 151 248 41
out: 0 1 0
in: 1 102 181
out: 0 0 1
in: 184 31 110
out: 1 0 0
in: 132 86 252
out: 0 0 1
in: 199 116 142
out: 1 0 0
in: 65 8 145
out: 0 0 1
in: 90 231 80
out: 0 1 0
in: 233 61 231
out: 0 0 1
in: 132 208 70
out: 0 1 0
in: 213 227 248
out: 0 0 1
in: 64 211 104
out: 0 1 0
in: 242 25 245
out: 0 0 1
in: 102 129 34
out: 0 1 0
in: 222 147 163
out: 1 0 0
in: 46 204 244
out: 0 0 1
in: 221 161 69
out: 0 1 0
in: 31 53 139
out: 0 0 1
in: 4 78 7
out: 0 1 0
in: 86 167 132
out: 0 1 0
in: 240 122 14
out: 1 0 0
in: 54 252 162
out: 0 1 0
in: 87 51 236
out: 0 0 1
in: 56 133 154
out: 0 0 1
in: 224 48 135
out: 1 0 0
in: 157 71 151
out: 0 0 1
in: 154 178 147
out: 0 1 0
in: 176 242 157
out: 0 1 0
in: 228 55 19
out: 1 0 0
in: 240 238 11
out: 0 1 0
in: 139 33 17
out: 1 0 0
in: 136 163 124
out: 0 1 0
in: 123 244 241
out: 0 1 0
in: 14 241 212
out: 0 1 0
in: 103 64 15
out: 0 1 0
in: 18 227 170
out: 0 1 0
in: 17 170 127
out: 0 1 0
in: 246 217 168
out: 0 1 0
in: 52 96 154
out: 0 0 1
in: 246 62 54
out: 1 0 0
in: 217 188 211
out: 0 0 1
in: 162 102 230
out: 0 0 1
in: 178 46 182
out: 0 0 1
in: 32 93 214
out: 0 0 1
in: 69 76 207
out: 0 0 1
in: 80 181 185
out: 0 0 1
in: 9 249 113
out: 0 1 0
in: 218 80 119
out: 1 0 0
in: 93 35 44
out: 1 0 0
in: 60 94 253
out: 0 0 1
in: 182 228 63
out: 0 1 0
in: 28 44 183
out: 0 0 1
in: 10 37 38
out: 0 0 1
in: 173 115 120
out: 1 0 0
in: 14 108 182
out: 0 0 1
in: 90 66 10
out: 0 1 0
in: 249 51 141
out: 1 0 0
in: 160 113 190
out: 0 0 1
in: 161 3 147
out: 1 0 0
in: 236 149 253
out: 0 0 1
in: 185 143 36
out: 0 1 0
in: 238 131 134
out: 1 0 0
in: 245 84 221
out: 0 0 1
in: 175 104 134
out: 1 0 0
in: 82 58 75
out: 0 0 1
in: 30 42 69
out: 0 0 1
in: 232 192 164
out: 0 1 0
in: 240 23 50
out: 1 0 0
in: 137 74 121
out: 0 0 1
in: 108 211 212
out: 0 0 1
in: 165 8 35
out: 1 0 0
in: 193 7 100
out: 1 0 0
in: 86 1 197
out: 0 0 1
in: 190 152 91
out: 0 1 0
in: 115 74 142
out: 0 0 1
in: 37 189 29
out: 0 1 0
in: 37 201 100
out: 0 1 0
in: 232 85 124
out: 1 0 0
in: 148 225 240
out: 0 0 1
in: 169 47 110
out: 1 0 0
in: 236 65 104
out: 1 0 0
in: 221 224 20
out: 0 1 0
in: 227 46 86
out: 1 0 0
in: 248 158 159
out: 1 0 0
in: 146 126 24
out: 0 1 0
in: 4 158 117
out: 0 1 0
in: 24 244 251
out: 0 0 1
in: 132 9 136
out: 0 0 1
in: 203 34 209
out: 0 0 1
in: 184 55 157
out: 1 0 0
in: 32 54 221
out: 0 0 1
in: 184 166 120
out: 0 1 0
in: 34 61 136
out: 0 0 1
in: 0 25 49
out: 0 0 1
in: 191 27 25
out: 1 0 0
in: 234 25 10
out: 1 0 0
in: 128 17 171
out: 0 0 1
in: 199 194 154
out: 0 1 0
in: 109 102 15
out: 0 1 0
in: 70 3 172
out: 0 0 1
in: 68 8 122
out: 0 0 1
in: 149 140 12
out: 0 1 0
in: 76 186 198
out: 0 0 1
in: 123 174 209
out: 0 0 1
in: 247 168 144
out: 1 0 0
in: 13 209 10
out: 0 1 0
in: 170 36 243
out: 0 0 1
in: 135 235 85
out: 0 1 0
in: 243 247 21
out: 0 1 0
in: 107 226 95
out: 0 1 0
in: 81 32 168
out: 0 0 1
in: 253 211 232
out: 0 0 1
in: 12 38 238
out: 0 0 1
in: 85 44 135
out: 0 0 1
in: 95 68 18
out: 0 1 0
in: 5 100 142
out: 0 0 1
in: 167 144 37
out: 0 1 0
in: 73 51 7
out: 0 1 0
in: 123 212 119
out: 0 1 0
in: 8 69 164
out: 0 0 1
in: 223 250 251
out: 0 0 1
in: 182 125 59
out: 0 1 0
in: 88 6 211
out: 0 0 1
in: 96 216 238
out: 0 0 1
in: 55 162 78
out: 0 1 0
in: 222 155 214
out: 0 0 1
in: 58 8 103
out: 0 0 1
in: 206 135 189
out: 0 0 1
in: 174 27 144
out: 1 0 0
in: 64 218 234
out: 0 0 1
in: 17 219 224
out: 0 0 1
in: 240 237 184
out: 0 1 0
in: 254 66 20
out: 1 0 0
in: 139 175 148
out: 0 1 0
in: 78 250 151
out: 0 1 0
in: 53 33 220
out: 0 0 1
in: 191 125 70
out: 1 0 0
in: 81 44 45
out: 1 0 0
in: 9 206 41
out: 0 1 0
in: 69 148 95
out: 0 1 0
in: 145 130 205
out: 0 0 1
in: 3 233 139
out: 0 1 0
in: 194 247 61
out: 0 1 0
in: 202 212 138
out: 0 1 0
in: 123 164 20
out: 0 1 0
in: 226 182 208
out: 0 0 1
in: 204 177 230
out: 0 0 1
in: 136 159 172
out: 0 0 1
in: 211 115 198
out: 0 0 1
in: 160 242 82
out: 0 1 0
in: 29 189 171
out: 0 1 0
in: 81 31 231
out: 0 0 1
in: 115 124 5
out: 0 1 0
in: 76 9 5
out: 1 0 0
in: 90 153 204
out: 0 0 1
in: 25 60 16
out: 0 1 0
in: 121 72 149
out: 0 0 1
in: 200 95 229
out: 0 0 1
in: 6 96 116
out: 0 0 1
in: 127 254 59
out: 0 1 0
in: 164 88 183
out: 0 0 1
in: 175 221 226
out: 0 0 1
in: 167 250 246
out: 0 1 0
in: 230 133 120
out: 1 0 0
in: 100 34 72
out: 1 0 0
in: 165 207 172
out: 0 1 0
in: 117 5 241
out: 0 0 1
in: 180 101 0
out: 0 1 0
in: 103 49 118
out: 0 0 1
in: 133 126 41
out: 0 1 0
in: 17 63 95
out: 0 0 1
in: 188 156 155
out: 0 1 0
in: 174 169 1
out: 0 1 0
in: 34 204 113
out: 0 1 0
in: 176 62 120
out: 1 0 0
in: 145 15 15
out: 1 0 0
in: 84 53 242
out: 0 0 1
in: 48 4 166
out: 0 0 1
in: 152 217 222
out: 0 0 1
in: 201 37 49
out: 1 0 0
in: 5 246 28
out: 0 1 0
in: 190 148 203
out: 0 0 1
in: 72 154 17
out: 0 1 0
in: 155 92 14
out: 0 1 0
in: 22 99 120
out: 0 0 1
in: 47 52 206
out: 0 0 1
in: 21 194 133
out: 0 1 0
in: 29 7 101
out: 0 0 1
in: 86 145 160
out: 0 0 1
in: 130 147 70
out: 0 1 0
in: 249 233 33
out: 0 1 0
in: 97 52 96
out: 0 0 1
in: 53 84 118
out: 0 0 1
in: 119 190 229
out: 0 0 1
in: 254 154 126
out: 1 0 0
in: 118 208 1
out: 0 1 0
in: 247 176 234
out: 0 0 1
in: 135 189 166
out: 0 1 0
in: 218 50 187
out: 1 0 0
in: 132 218 190
out: 0 1 0
in: 1 218 179
out: 0 1 0
in: 156 182 101
out: 0 1 0
in: 210 235 77
out: 0 1 0
in: 94 115 0
out: 0 1 0
in: 99 104 106
out: 0 0 1
in: 65 55 213
out: 0 0 1
in: 82 210 8
out: 0 1 0
in: 253 23 253
out: 0 0 1
in: 235 180 80
out: 0 1 0
in: 223 198 160
out: 0 1 0
in: 244 71 167
out: 1 0 0
in: 186 142 35
out: 0 1 0
in: 194 17 18
out: 1 0 0
in: 21 204 192
out: 0 1 0
in: 79 8 237
out: 0 0 1
in: 26 73 71
out: 0 1 0
in: 93 93 25
out: 0 1 0
in: 212 42 119
out: 1 0 0
in: 40 91 142
out: 0 0 1
in: 65 110 222
out: 0 0 1
in: 48 101 30
out: 0 1 0
in: 196 183 173
out: 0 1 0
in: 161 64 57
out: 1 0 0
in: 189 148 8
out: 0 1 0
in: 73 111 75
out: 0 1 0
in: 137 196 49
out: 0 1 0
in: 63 10 159
out: 0 0 1
in: 108 90 84
out: 0 1 0
in: 22 246 120
out: 0 1 0
in: 93 204 119
out: 0 1 0
in: 30 28 54
out: 0 0 1
in: 169 111 171
out: 0 0 1
in: 101 1 92
out: 1 0 0
in: 88 76 85
out: 0 0 1
in: 166 204 2
out: 0 1 0
in: 30 180 8
out: 0 1 0
in: 28 80 239
out: 0 0 1
in: 56 154 1
out: 0 1 0
in: 214 111 197
out: 0 0 1
in: 169 103 69
out: 1 0 0
in: 27 127 161
out: 0 0 1
in: 217 62 158
out: 1 0 0
in: 133 1 173
out: 0 0 1
in: 32 225 88
out: 0 1 0
in: 43 123 236
out: 0 0 1
in: 175 99 46
out: 1 0 0
in: 186 114 121
out: 1 0 0
in: 195 159 125
out: 0 1 0
in: 111 148 131
out: 0 1 0
in: 7 243 244
out: 0 0 1
in: 179 155 224
out: 0 0 1
in: 130 113 168
out: 0 0 1
in: 40 217 98
out: 0 1 0
in: 152 56 171
out: 0 0 1
in: 13 140 79
out: 0 1 0
in: 212 143 151
out: 1 0 0
in: 162 81 209
out: 0 0 1
in: 138 9 123
out: 1 0 0
in: 0 102 226
out: 0 0 1
in: 224 166 179
out: 1 0 0
in: 71 32 191
out: 0 0 1
in: 105 161 92
out: 0 1 0
in: 87 176 202
out: 0 0 1
in: 25 246 145
out: 0 1 0
in: 36 121 188
out: 0 0 1
in: 58 64 236
out: 0 0 1
in: 84 223 201
out: 0 1 0
in: 166 92 136
out: 1 0 0
in: 94 239 128
out: 0 1 0
in: 139 31 45
out: 1 0 0
in: 73 84 16
out: 0 1 0
in: 246 29 98
out: 1 0 0
in: 88 179 138
out: 0 1 0
in: 231 74 22
out: 1 0 0
in: 66 173 182
out: 0 0 1
in: 178 237 53
out: 0 1 0
in: 169 157 163
out: 0 0 1
in: 136 160 37
out: 0 1 0
in: 118 133 105
out: 0 1 0
in: 186 68 124
out: 1 0 0
in: 150 186 41
out: 0 1 0
in: 196 192 9
out: 0 1 0
in: 221 127 67
out: 1 0 0
in: 55 180 45
out: 0 1 0
in: 201 253 202
out: 0 1 0
in: 215 41 111
out: 1 0 0
in: 126 146 126
out: 0 1 0
in: 209 146 71
out: 0 1 0
in: 0 131 42
out: 0 1 0
in: 70 127 247
out: 0 0 1
in: 8 4 91
out: 0 0 1
in: 136 209 57
out: 0 1 0
in: 149 166 233
out: 0 0 1
in: 101 164 69
out: 0 1 0
in: 59 244 79
out: 0 1 0
in: 151 22 125
out: 1 0 0
in: 116 249 52
out: 0 1 0
in: 217 165 239
out: 0 0 1
in: 105 240 115
out: 0 1 0
in: 243 64 105
out: 1 0 0
in: 123 139 173
out: 0 0 1
in: 63 104 41
out: 0 1 0
in: 247 5 225
out: 1 0 0
in: 227 201 191
out: 0 1 0
in: 114 46 93
out: 1 0 0
in: 92 49 227
out: 0 0 1
in: 122 92 136
out: 0 0 1
in: 100 28 77
out: 1 0 0
in: 192 93 172
out: 0 0 1
in: 18 164 89
out: 0 1 0
in: 149 44 74
out: 1 0 0
in: 39 46 242
out: 0 0 1
in: 106 126 107
out: 0 1 0
in: 59 163 142
out: 0 1 0
in: 159 145 248
out: 0 0 1
in: 38 99 59
out: 0 1 0
in: 50 208 32
out: 0 1 0
in: 207 37 182
out: 1 0 0
in: 61 194 53
out: 0 1 0
in: 54 35 127
out: 0 0 1
in: 90 163 51
out: 0 1 0
in: 220 222 33
out: 0 1 0
in: 56 23 8
out: 1 0 0
in: 36 32 140
out: 0 0 1
in: 91 143 241
out: 0 0 1
in: 82 239 192
out: 0 1 0
in: 49 181 126
out: 0 1 0
in: 53 206 174
out: 0 1 0
in: 147 163 201
out: 0 0 1
in: 140 211 202
out: 0 1 0
in: 95 92 152
out: 0 0 1
in: 104 105 132
out: 0 0 1
in: 189 10 250
out: 0 0 1
in: 71 136 179
out: 0 0 1
in: 245 142 245
out: 0 0 1
in: 242 53 81
out: 1 0 0
in: 138 163 226
out: 0 0 1
in: 13 155 223
out: 0 0 1
in: 99 170 66
out: 0 1 0
in: 69 234 197
out: 0 1 0
in: 254 130 77
out: 1 0 0
in: 143 179 15
out: 0 1 0
in: 129 239 206
out: 0 1 0
in: 74 222 162
out: 0 1 0
in: 48 96 140
out: 0 0 1
in: 216 80 245
out: 0 0 1
in: 191 203 16
out: 0 1 0
in: 155 180 156
out: 0 1 0
in: 210 4 94
out: 1 0 0
in: 111 92 172
out: 0 0 1
in: 247 17 91
out: 1 0 0
in: 149 141 135
out: 0 1 0
in: 24 63 67
out: 0 0 1
in: 130 246 25
out: 0 1 0
in: 186 180 89
out: 0 1 0
in: 174 97 209
out: 0 0 1
in: 147 249 86
out: 0 1 0
in: 200 125 206
out: 0 0 1
in: 195 71 245
out: 0 0 1
in: 236 246 176
out: 0 1 0
in: 119 108 129
out: 0 0 1
in: 87 166 238
out: 0 0 1
in: 230 100 64
out: 1 0 0
in: 197 7 231
out: 0 0 1
in: 160 198 36
out: 0 1 0
in: 222 139 48
out: 0 1 0
in: 53 206 208
out: 0 0 1
in: 162 40 199
out: 0 0 1
in: 116 154 244
out: 0 0 1
in: 73 31 180
out: 0 0 1
in: 93 103 51
out: 0 1 0
in: 226 111 39
out: 1 0 0
in: 105 161 83
out: 0 1 0
in: 86 3 105
out: 0 0 1
in: 250 70 160
out: 1 0 0
in: 19 235 114
out: 0 1 0
in: 223 229 14
out: 0 1 0
in: 254 72 71
out: 1 0 0
in: 95 96 125
out: 0 0 1
in: 90 131 202
out: 0 0 1
in: 132 154 160
out: 0 0 1
in: 7 8 26
out: 0 0 1
in: 28 9 63
out: 0 0 1
in: 200 26 27
out: 1 0 0
in: 99 41 223
out: 0 0 1
in: 113 36 111
out: 0 0 1
in: 229 72 237
out: 0 0 1
in: 241 88 124
out: 1 0 0
in: 126 231 193
out: 0 1 0
in: 219 106 14
out: 1 0 0
in: 117 119 4
out: 0 1 0
in: 162 33 182
out: 0 0 1
in: 189 210 13
out: 0 1 0
in: 107 152 125
out: 0 1 0
in: 119 218 83
out: 0 1 0
in: 152 122 16
out: 0 1 0
in: 35 174 137
out: 0 1 0
in: 242 134 141
out: 1 0 0
in: 206 238 181
out: 0 1 0
in: 9 215 190
out: 0 1 0
in: 135 123 18
out: 0 1 0
in: 224 184 83
out: 0 1 0
in: 9 79 199
out: 0 0 1
in: 14 186 120
out: 0 1 0
in: 20 61 138
out: 0 0 1
in: 4 178 185
out: 0 0 1
in: 142 127 231
out: 0 0 1
in: 116 190 92
out: 0 1 0
in: 169 79 119
out: 1 0 0
in: 87 51 224
out: 0 0 1
in: 159 249 221
out: 0 1 0
in: 119 93 197
out: 0 0 1
in: 105 219 197
out: 0 1 0
in: 227 47 179
out: 1 0 0
in: 180 237 186
out: 0 1 0
in: 107 89 149
out: 0 0 1
in: 77 165 238
out: 0 0 1
in: 193 114 247
out: 0 0 1
in: 197 225 27
out: 0 1 0
in: 179 217 192
out: 0 1 0
in: 181 45 169
out: 0 0 1
in: 144 211 165
out: 0 1 0
in: 48 48 9
out: 0 1 0
in: 19 55 210
out: 0 0 1
in: 154 33 137
out: 0 0 1
in: 96 118 4
out: 0 1 0
in: 130 62 205
out: 0 0 1
in: 27 84 108
out: 0 0 1
in: 32 13 249
out: 0 0 1
in: 88 45 162
out: 0 0 1
in: 138 28 112
out: 1 0 0
in: 234 192 243
out: 0 0 1
in: 116 115 29
out: 0 1 0
in: 18 190 5
out: 0 1 0
in: 146 66 6
out: 1 0 0
in: 207 140 194
out: 0 0 1
in: 203 174 231
out: 0 0 1
in: 236 112 174
out: 1 0 0
in: 13 47 223
out: 0 0 1
in: 158 193 159
out: 0 1 0
in: 109 239 0
out: 0 1 0
in: 33 249 6
out: 0 1 0
in: 169 111 158
out: 0 0 1
in: 206 13 145
out: 1 0 0
in: 25 194 118
out: 0 1 0
in: 110 209 164
out: 0 1 0
in: 50 180 220
out: 0 0 1
in: 164 195 145
out: 0 1 0
in: 65 246 229
out: 0 1 0
in: 133 56 154
out: 0 0 1
in: 16 101 150
out: 0 0 1
in: 224 8 136
out: 1 0 0
in: 92 249 215
out: 0 1 0
in: 119 143 131
out: 0 1 0
in: 33 136 99
out: 0 1 0
in: 103 102 229
out: 0 0 1
in: 230 247 207
out: 0 1 0
in: 0 8 116
out: 0 0 1
in: 53 244 76
out: 0 1 0
in: 193 39 153
out: 1 0 0
in: 141 4 28
out: 1 0 0
in: 0 35 48
out: 0 0 1
in: 180 96 113
out: 1 0 0
in: 90 189 246
out: 0 0 1
in: 125 169 253
out: 0 0 1
in: 194 193 48
out: 0 1 0
in: 5 169 95
out: 0 1 0
in: 57 113 58
out: 0 1 0
in: 161 219 55
out: 0 1 0
in: 196 91 87
out: 1 0 0
in: 75 49 185
out: 0 0 1
in: 195 142 87
out: 0 1 0
in: 17 22 19
out: 0 1 0
in: 111 112 49
out: 0 1 0
in: 73 43 92
out: 0 0 1
in: 46 8 196
out: 0 0 1
in: 250 224 5
out: 0 1 0
in: 29 208 65
out: 0 1 0
in: 233 85 7
out: 1 0 0
in: 213 54 21
out: 1 0 0
in: 60 216 242
out: 0 0 1
in: 87 36 240
out: 0 0 1
in: 214 48 40
out: 1 0 0
in: 227 126 61
out: 1 0 0
in: 203 59 220
out: 0 0 1
in: 77 82 35
out: 0 1 0
in: 120 107 132
out: 0 0 1
in: 252 159 17
out: 0 1 0
in: 118 155 72
out: 0 1 0
in: 80 219 105
out: 0 1 0
in: 75 88 151
out: 0 0 1
in: 28 135 118
out: 0 1 0
in: 155 155 216
out: 0 0 1
in: 55 115 36
out: 0 1 0
in: 212 11 239
out: 0 0 1
in: 132 168 235
out: 0 0 1
in: 151 242 154
out: 0 1 0
in: 41 109 22
out: 0 1 0
in: 134 4 1
out: 1 0 0
in: 7 222 137
out: 0 1 0
in: 51 183 80
out: 0 1 0
in: 21 238 49
out: 0 1 0
in: 11 164 147
out: 0 1 0
in: 150 127 202
out: 0 0 1
in: 232 101 36
out: 1 0 0
in: 224 126 139
out: 1 0 0
in: 44 8 153
out: 0 0 1
in: 135 89 190
out: 0 0 1
in: 30 214 200
out: 0 1 0
in: 219 176 101
out: 0 1 0
in: 234 209 54
out: 0 1 0
in: 174 76 144
out: 1 0 0
in: 72 11 130
out: 0 0 1
in: 172 154 6
out: 0 1 0
in: 191 171 226
out: 0 0 1
in: 246 142 118
out: 1 0 0
in: 228 79 134
out: 1 0 0
in: 83 103 133
out: 0 0 1
in: 240 44 221
out: 0 0 1
in: 60 180 226
out: 0 0 1
in: 137 129 50
out: 0 1 0
in: 86 167 50
out: 0 1 0
in: 175 152 167
out: 0 0 1
in: 3 79 118
out: 0 0 1
in: 45 106 44
out: 0 1 0
in: 206 228 101
out: 0 1 0
in: 115 115 9
out: 0 1 0
in: 157 33 238
out: 0 0 1
in: 83 186 83
out: 0 1 0
in: 201 144 160
out: 1 0 0
in: 92 239 156
out: 0 1 0
in: 227 65 92
out: 1 0 0
in: 182 55 122
out: 1 0 0
in: 183 191 203
out: 0 0 1
in: 228 98 162
out: 1 0 0
in: 48 79 156
out: 0 0 1
in: 43 219 239
out: 0 0 1
in: 54 46 95
out: 0 0 1
in: 26 15 130
out: 0 0 1
in: 235 216 231
out: 0 0 1
in: 128 113 84
out: 0 1 0
in: 135 242 222
out: 0 1 0
in: 225 73 240
out: 0 0 1
in: 212 15 67
out: 1 0 0
in: 245 111 209
out: 0 0 1
in: 209 184 9
out: 0 1 0
in: 137 139 50
out: 0 1 0
in: 169 139 126
out: 0 1 0
in: 160 97 215
out: 0 0 1
in: 254 250 237
out: 0 1 0
in: 23 15 111
out: 0 0 1
in: 213 56 143
out: 1 0 0
in: 64 243 238
out: 0 1 0
in: 169 0 167
out: 0 0 1
in: 125 224 38
out: 0 1 0
in: 92 33 52
out: 1 0 0
in: 209 7 0
out: 1 0 0
in: 87 136 243
out: 0 0 1
in: 96 155 8
out: 0 1 0
in: 40 101 65
out: 0 1 0
in: 124 182 143
out: 0 1 0
in: 194 29 163
out: 1 0 0
in: 230 138 167
out: 1 0 0
in: 217 216 96
out: 0 1 0
in: 106 101 165
out: 0 0 1
in: 158 61 218
out: 0 0 1
in: 58 173 4
out: 0 1 0
in: 251 137 212
out: 0 0 1
in: 208 214 75
out: 0 1 0
in: 227 98 116
out: 1 0 0
in: 108 249 208
out: 0 1 0
in: 34 206 252
out: 0 0 1
in: 188 20 141
out: 1 0 0
in: 150 127 80
out: 0 1 0
in: 86 205 67
out: 0 1 0
in: 5 207 31
out: 0 1 0
in: 115 54 39
out: 1 0 0
in: 235 103 186
out: 1 0 0
in: 86 250 13
out: 0 1 0
in: 128 128 103
out: 0 1 0
in: 148 132 25
out: 0 1 0
in: 158 216 56
out: 0 1 0
in: 55 230 218
out: 0 1 0
in: 176 238 78
out: 0 1 0
in: 250 110 59
out: 1 0 0
in: 76 13 58
out: 1 0 0
in: 198 220 185
out: 0 1 0
in: 155 3 144
out: 0 0 1
in: 132 40 63
out: 1 0 0
in: 146 82 217
out: 0 0 1
in: 69 34 46
out: 1 0 0
in: 43 251 134
out: 0 1 0
in: 38 189 21
out: 0 1 0
in: 163 120 84
out: 0 1 0
in: 231 73 102
out: 1 0 0
in: 31 213 7
out: 0 1 0
in: 146 106 179
out: 0 0 1
in: 9 245 140
out: 0 1 0
in: 190 115 114
out: 1 0 0
in: 73 163 136
out: 0 1 0
in: 27 235 175
out: 0 1 0
in: 242 166 48
out: 0 1 0
in: 232 241 103
out: 0 1 0
in: 96 79 235
out: 0 0 1
in: 147 195 109
out: 0 1 0
in: 40 41 9
out: 0 1 0
in: 146 252 30
out: 0 1 0
in: 118 206 99
out: 0 1 0
in: 7 68 238
out: 0 0 1
in: 161 71 73
out: 1 0 0
in: 46 69 128
out: 0 0 1
in: 114 166 155
out: 0 1 0
in: 62 243 4
out: 0 1 0
in: 237 60 25
out: 1 0 0
in: 71 143 236
out: 0 0 1
in: 202 86 61
out: 1 0 0
in: 25 199 109
out: 0 1 0
in: 139 207 238
out: 0 0 1
in: 249 173 5
out: 0 1 0
in: 85 136 110
out: 0 1 0
in: 102 223 181
out: 0 1 0
in: 10 194 163
out: 0 1 0
in: 6 50 83
out: 0 0 1
in: 141 248 11
out: 0 1 0
in: 148 51 247
out: 0 0 1
in: 179 190 25
out: 0 1 0
in: 88 204 55
out: 0 1 0
in: 10 218 53
out: 0 1 0
in: 162 95 178
out: 0 0 1
in: 100 24 112
out: 0 0 1
in: 178 18 173
out: 0 0 1
in: 182 222 57
out: 0 1 0
in: 153 113 243
out: 0 0 1
in: 229 73 119
out: 1 0 0
in: 13 141 8
out: 0 1 0
in: 151 192 120
out: 0 1 0
in: 163 144 117
out: 0 1 0
in: 218 21 41
out: 1 0 0
in: 78 26 178
out: 0 0 1
in: 235 172 195
out: 0 0 1
in: 13 100 112
out: 0 0 1
in: 156 117 96
out: 0 1 0
in: 209 178 217
out: 0 0 1
in: 148 253 45
out: 0 1 0
in: 173 187 145
out: 0 1 0
in: 72 205 128
out: 0 1 0
in: 224 137 57
out: 1 0 0
in: 85 246 73
out: 0 1 0
in: 230 191 48
out: 0 1 0
in: 254 167 84
out: 1 0 0
in: 107 64 161
out: 0 0 1
in: 210 167 183
out: 0 0 1
in: 108 155 155
out: 0 0 1
in: 35 54 98
out: 0 0 1
in: 55 11 80
out: 0 0 1
in: 170 70 176
out: 0 0 1
in: 184 146 242
out: 0 0 1
in: 68 187 187
out: 0 0 1
in: 236 59 29
out: 1 0 0
in: 204 42 6
out: 1 0 0
in: 75 2 232
out: 0 0 1
in: 81 163 20
out: 0 1 0
in: 239 33 109
out: 1 0 0
in: 148 28 122
out: 1 0 0
in: 40 152 180
out: 0 0 1
in: 41 41 216
out: 0 0 1
in: 116 177 53
out: 0 1 0
in: 191 214 125
out: 0 1 0
in: 5 133 100
out: 0 1 0
in: 247 176 15
out: 0 1 0
in: 97 48 159
out: 0 0 1
in: 140 103 175
out: 0 0 1
in: 69 191 71
out: 0 1 0
in: 151 207 127
out: 0 1 0
in: 77 171 219
out: 0 0 1
in: 67 78 165
out: 0 0 1
in: 56 63 151
out: 0 0 1
in: 106 53 93
out: 0 0 1
in: 153 41 75
out: 1 0 0
in: 245 188 119
out: 0 1 0
in: 28 213 92
out: 0 1 0
in: 14 176 37
out: 0 1 0
in: 125 234 168
out: 0 1 0
in: 139 236 42
out: 0 1 0
in: 32 26 173
out: 0 0 1
in: 32 30 133
out: 0 0 1
in: 238 136 55
out: 1 0 0
in: 233 80 115
out: 1 0 0
in: 227 133 194
out: 0 0 1
in: 190 84 168
out: 0 0 1
in: 38 10 220
out: 0 0 1
in: 211 68 253
out: 0 0 1
in: 158 180 179
out: 0 0 1
in: 57 224 66
out: 0 1 0
in: 41 158 126
out: 0 1 0
in: 179 26 104
out: 1 0 0
in: 90 99 244
out: 0 0 1
in: 183 124 163
out: 0 0 1
in: 190 57 13
out: 1 0 0
in: 106 76 75
out: 1 0 0
in: 46 10 177
out: 0 0 1
in: 226 151 209
out: 0 0 1
in: 22 120 165
out: 0 0 1
in: 236 182 251
out: 0 0 1
in: 166 223 99
out: 0 1 0
in: 97 160 151
out: 0 1 0
in: 225 94 74
out: 1 0 0
in: 134 37 8
out: 1 0 0
in: 245 187 128
out: 0 1 0
in: 124 149 159
out: 0 0 1
in: 218 192 108
out: 0 1 0
in: 152 120 121
out: 0 0 1
in: 239 83 252
out: 0 0 1
in: 140 96 197
out: 0 0 1
in: 63 62 37
out: 0 1 0
in: 190 132 137
out: 1 0 0
in: 73 148 108
out: 0 1 0
in: 89 182 223
out: 0 0 1
in: 190 72 213
out: 0 0 1
in: 58 224 125
out: 0 1 0
in: 137 20 73
out: 1 0 0
in: 129 34 41
out: 1 0 0
in: 252 230 9
out: 0 1 0
in: 219 94 128
out: 1 0 0
in: 99 252 148
out: 0 1 0
in: 70 119 212
out: 0 0 1
in: 213 14 107
out: 1 0 0
in: 43 220 157
out: 0 1 0
in: 94 238 174
out: 0 1 0
in: 58 150 150
out: 0 0 1
in: 140 250 172
out: 0 1 0
in: 3 180 190
out: 0 0 1
in: 133 177 86
out: 0 1 0
in: 225 95 210
out: 0 0 1
in: 0 114 130
out: 0 0 1
in: 3 28 30
out: 0 0 1
in: 125 191 89
out: 0 1 0
in: 186 43 167
out: 0 0 1
in: 65 65 86
out: 0 0 1
in: 55 171 104
out: 0 1 0
in: 80 107 165
out: 0 0 1
in: 103 123 145
out: 0 0 1
in: 208 23 70
out: 1 0 0
in: 63 203 15
out: 0 1 0
in: 129 48 54
out: 1 0 0
in: 125 198 121
out: 0 1 0
in: 247 65 112
out: 1 0 0
in: 10 116 140
out: 0 0 1
in: 144 94 28
out: 0 1 0
in: 48 34 239
out: 0 0 1
in: 237 220 98
out: 0 1 0
in: 59 108 238
out: 0 0 1
in: 1 107 36
out: 0 1 0
in: 242 239 94
out: 0 1 0
in: 76 14 91
out: 0 0 1
in: 116 53 214
out: 0 0 1
in: 81 71 254
out: 0 0 1
in: 103 207 99
out: 0 1 0
in: 82 249 116
out: 0 1 0
in: 2 22 137
out: 0 0 1
in: 144 49 99
out: 1 0 0
in: 55 18 140
out: 0 0 1
in: 1 250 37
out: 0 1 0
in: 167 143 22
out: 0 1 0
in: 85 169 138
out: 0 1 0
in: 145 198 156
out: 0 1 0
in: 17 171 158
out: 0 1 0
in: 206 38 171
out: 1 0 0
in: 9 67 202
out: 0 0 1
in: 248 3 74
out: 1 0 0
in: 166 107 143
out: 0 0 1
in: 70 26 176
out: 0 0 1
in: 157 216 68
out: 0 1 0
in: 219 117 65
out: 1 0 0
in: 74 169 171
out: 0 0 1
in: 47 15 159
out: 0 0 1
in: 171 157 155
out: 0 1 0
in: 248 143 227
out: 0 0 1
in: 63 225 27
out: 0 1 0
in: 106 203 98
out: 0 1 0
in: 84 239 252
out: 0 0 1
in: 68 253 166
out: 0 1 0
in: 79 22 209
out: 0 0 1
in: 244 148 232
out: 0 0 1
in: 244 169 83
out: 0 1 0
in: 192 45 188
out: 0 0 1
in: 217 119 7
out: 1 0 0
in: 218 250 67
out: 0 1 0
in: 75 193 228
out: 0 0 1
in: 44 125 9
out: 0 1 0
in: 249 89 169
out: 1 0 0
in: 9 63 232
out: 0 0 1
in: 224 98 174
out: 1 0 0
in: 131 223 158
out: 0 1 0
in: 121 56 146
out: 0 0 1
in: 197 212 114
out: 0 1 0
in: 68 129 90
out: 0 1 0
in: 143 18 63
out: 1 0 0
in: 229 0 179
out: 1 0 0
in: 121 89 67
out: 0 1 0
in: 184 3 57
out: 1 0 0
in: 114 21 207
out: 0 0 1
in: 85 11 34
out: 1 0 0
in: 243 105 5
out: 1 0 0
in: 219 129 106
out: 1 0 0
in: 220 137 191
out: 0 0 1
in: 57 83 91
out: 0 0 1
in: 216 7 224
out: 0 0 1
in: 29 64 161
out: 0 0 1
in: 89 149 61
out: 0 1 0
in: 149 127 171
out: 0 0 1
in: 32 15 75
out: 0 0 1
in: 92 129 237
out: 0 0 1
in: 186 49 235
out: 0 0 1
in: 158 159 241
out: 0 0 1
in: 65 167 250
out: 0 0 1
in: 215 50 226
out: 0 0 1
in: 0 124 236
out: 0 0 1
in: 188 153 134
out: 0 1 0
in: 37 109 67
out: 0 1 0
in: 109 197 223
out: 0 0 1
in: 138 58 152
out: 0 0 1
in: 87 138 21
out: 0 1 0
in: 18 168 9
out: 0 1 0
in: 96 230 44
out: 0 1 0
in: 74 64 216
out: 0 0 1
in: 45 171 19
out: 0 1 0
in: 51 53 138
out: 0 0 1
in: 11 166 125
out: 0 1 0
in: 199 158 4
out: 0 1 0
in: 177 141 181
out: 0 0 1
in: 3 142 108
out: 0 1 0
in: 254 56 131
out: 1 0 0
in: 106 163 36
out: 0 1 0
in: 236 209 127
out: 0 1 0
in: 60 252 173
out: 0 1 0
in: 23 4 166
out: 0 0 1
in: 183 64 250
out: 0 0 1
in: 19 246 239
out: 0 1 0
in: 141 13 57
out: 1 0 0
in: 234 159 250
out: 0 0 1
in: 104 105 105
out: 0 0 1
in: 70 89 41
out: 0 1 0
in: 33 236 37
out: 0 1 0
in: 101 156 85
out: 0 1 0
in: 80 158 104
out: 0 1 0
in: 138 123 108
out: 0 1 0
in: 114 90 130
out: 0 0 1
in: 165 1 111
out: 1 0 0
in: 124 151 151
out: 0 0 1
in: 43 192 178
out: 0 1 0
in: 199 59 65
out: 1 0 0
in: 90 0 42
out: 1 0 0
in: 33 31 198
out: 0 0 1
