topology: 3 3 3 
0 0 0 4.314843846266382
0 0 1 -0.9854084933950629
0 0 2 0.045837974685873764
0 1 0 -1.5967915538536528
0 1 1 5.147379655154159
0 1 2 0.09572138944933653
0 2 0 -5.098853929268058
0 2 1 -4.111989960770381
0 2 2 -0.06096901391994076
0 3 0 0.05722918758086557
0 3 1 -0.4854264460477422
0 3 2 -0.05477642718358556
1 0 0 0.8312631245694488
1 0 1 0.0004716107999662004
1 0 2 -0.681982844002627
1 1 0 -0.5975201121970599
1 1 1 0.6899545454647824
1 1 2 -0.6437117745453808
1 2 0 0.014738217326700035
1 2 1 0.03006995863907083
1 2 2 0.05010489047283849
1 3 0 -0.13485394328529626
1 3 1 0.4560674985640693
1 3 2 -0.19852584432151732
